v -55.000000 78.000000 95.000000 
v 110.000000 78.000000 0.000000 
v 0.000000 135.000000 0.000000 
v 55.000000 -78.000000 95.000000 
v 127.000000 -45.000000 0.000000 
v 110.000000 78.000000 0.000000 
v -55.000000 78.000000 95.000000 
v 55.000000 -78.000000 95.000000 
v 110.000000 78.000000 0.000000 
v -63.000000 -45.000000 110.000000 
v 55.000000 -78.000000 95.000000 
v -55.000000 78.000000 95.000000 
v -55.000000 78.000000 -95.000000 
v -55.000000 78.000000 95.000000 
v 0.000000 135.000000 0.000000 
v -110.000000 -78.000000 0.000000 
v -63.000000 -45.000000 110.000000 
v -55.000000 78.000000 95.000000 
v -55.000000 78.000000 -95.000000 
v -110.000000 -78.000000 0.000000 
v -55.000000 78.000000 95.000000 
v -63.000000 -45.000000 -110.000000 
v -110.000000 -78.000000 0.000000 
v -55.000000 78.000000 -95.000000 
v 110.000000 78.000000 0.000000 
v -55.000000 78.000000 -95.000000 
v 0.000000 135.000000 0.000000 
v 55.000000 -78.000000 -95.000000 
v -63.000000 -45.000000 -110.000000 
v -55.000000 78.000000 -95.000000 
v 110.000000 78.000000 0.000000 
v 55.000000 -78.000000 -95.000000 
v -55.000000 78.000000 -95.000000 
v 127.000000 -45.000000 0.000000 
v 55.000000 -78.000000 -95.000000 
v 110.000000 78.000000 0.000000 
v 55.000000 -78.000000 95.000000 
v 55.000000 -78.000000 -95.000000 
v 127.000000 -45.000000 0.000000 
v -110.000000 -78.000000 0.000000 
v -63.000000 -45.000000 -110.000000 
v 55.000000 -78.000000 -95.000000 
v 55.000000 -78.000000 95.000000 
v -110.000000 -78.000000 0.000000 
v 55.000000 -78.000000 -95.000000 
v -63.000000 -45.000000 110.000000 
v -110.000000 -78.000000 0.000000 
v 55.000000 -78.000000 95.000000 
vn -0.408203 0.577148 0.707031 
vn 0.816406 0.577148 0.000000 
vn 0.000000 1.000000 0.000000 
vn 0.408203 -0.577148 0.707031 
vn 0.942627 -0.333252 0.000000 
vn 0.816406 0.577148 0.000000 
vn -0.408203 0.577148 0.707031 
vn 0.408203 -0.577148 0.707031 
vn 0.816406 0.577148 0.000000 
vn -0.471191 -0.333252 0.816406 
vn 0.408203 -0.577148 0.707031 
vn -0.408203 0.577148 0.707031 
vn -0.408203 0.577148 -0.707031 
vn -0.408203 0.577148 0.707031 
vn 0.000000 1.000000 0.000000 
vn -0.816406 -0.577148 0.000000 
vn -0.471191 -0.333252 0.816406 
vn -0.408203 0.577148 0.707031 
vn -0.408203 0.577148 -0.707031 
vn -0.816406 -0.577148 0.000000 
vn -0.408203 0.577148 0.707031 
vn -0.471191 -0.333252 -0.816406 
vn -0.816406 -0.577148 0.000000 
vn -0.408203 0.577148 -0.707031 
vn 0.816406 0.577148 0.000000 
vn -0.408203 0.577148 -0.707031 
vn 0.000000 1.000000 0.000000 
vn 0.408203 -0.577148 -0.707031 
vn -0.471191 -0.333252 -0.816406 
vn -0.408203 0.577148 -0.707031 
vn 0.816406 0.577148 0.000000 
vn 0.408203 -0.577148 -0.707031 
vn -0.408203 0.577148 -0.707031 
vn 0.942627 -0.333252 0.000000 
vn 0.408203 -0.577148 -0.707031 
vn 0.816406 0.577148 0.000000 
vn 0.408203 -0.577148 0.707031 
vn 0.408203 -0.577148 -0.707031 
vn 0.942627 -0.333252 0.000000 
vn -0.816406 -0.577148 0.000000 
vn -0.471191 -0.333252 -0.816406 
vn 0.408203 -0.577148 -0.707031 
vn 0.408203 -0.577148 0.707031 
vn -0.816406 -0.577148 0.000000 
vn 0.408203 -0.577148 -0.707031 
vn -0.471191 -0.333252 0.816406 
vn -0.816406 -0.577148 0.000000 
vn 0.408203 -0.577148 0.707031 
vt 0.746032 0.365079 
vt 0.238095 0.365079 
vt 0.492063 0.873016 
vt 0.746032 0.238095 
vt 0.238095 0.349206 
vt 0.285714 0.746032 
vt 0.746032 0.714286 
vt 0.492063 0.206349 
vt 0.238095 0.714286 
vt 0.746032 0.349206 
vt 0.238095 0.238095 
vt 0.698413 0.746032 
vt 0.746032 0.238095 
vt 0.238095 0.238095 
vt 0.492063 0.746032 
vt 0.746032 0.238095 
vt 0.238095 0.349206 
vt 0.285714 0.746032 
vt 0.746032 0.746032 
vt 0.492063 0.238095 
vt 0.238095 0.746032 
vt 0.746032 0.349206 
vt 0.238095 0.238095 
vt 0.698413 0.746032 
vt 0.746032 0.365079 
vt 0.238095 0.365079 
vt 0.492063 0.873016 
vt 0.746032 0.238095 
vt 0.238095 0.349206 
vt 0.285714 0.746032 
vt 0.746032 0.714286 
vt 0.492063 0.206349 
vt 0.238095 0.714286 
vt 0.746032 0.349206 
vt 0.238095 0.238095 
vt 0.698413 0.746032 
vt 0.746032 0.238095 
vt 0.238095 0.238095 
vt 0.492063 0.746032 
vt 0.222222 0.412698 
vt 0.476190 0.920635 
vt 0.730159 0.412698 
vt 0.746032 0.238095 
vt 0.238095 0.492063 
vt 0.746032 0.746032 
vt 0.507937 0.920635 
vt 0.761905 0.412698 
vt 0.253968 0.412698 
f 1/1/1 2/2/2 3/3/3
f 4/4/4 5/5/5 6/6/6
f 7/7/7 8/8/8 9/9/9
f 10/10/10 11/11/11 12/12/12
f 13/13/13 14/14/14 15/15/15
f 16/16/16 17/17/17 18/18/18
f 19/19/19 20/20/20 21/21/21
f 22/22/22 23/23/23 24/24/24
f 25/25/25 26/26/26 27/27/27
f 28/28/28 29/29/29 30/30/30
f 31/31/31 32/32/32 33/33/33
f 34/34/34 35/35/35 36/36/36
f 37/37/37 38/38/38 39/39/39
f 40/40/40 41/41/41 42/42/42
f 43/43/43 44/44/44 45/45/45
f 46/46/46 47/47/47 48/48/48
